983.27961921
901.74525462
67.99406627
12.46517757
6.56849267
6.49839970
4.90402435
4.34620551
3.51451697
3.39846776
3.11081218
2.60184918
2.50584945
2.50086160
2.35966802
2.31880002
2.24507526
2.23461061
2.10328507
2.00508240
1.85809677
1.83412881
1.76176505
1.67379815
1.65339912
1.64420492
1.61534110
1.61167002
1.54100732
1.50984421
1.41171175
1.40555457
1.37442101
1.36098639
1.33787065
1.32285629
1.32228565
1.24342135
1.17698972
1.10764361
0.91232853
0.88763394
0.84334819
0.82265103
0.79695611
0.75736110
0.74988143
0.73787177
0.73417833
0.70264440
0.69171913
0.65693454
0.53238090
0.51513674
0.46317487
0.45066932
0.44848386
0.43629714
0.38339964
0.37901836
0.36984147
0.36797773
0.34800028
0.33669312
0.33485034
0.30223502
0.25151834
0.23233342
0.21561207
0.20128613
0.19745949
0.18279821
0.16895816
0.16446820
0.15313809
0.15262794
0.11664038
0.11523881
0.09356077
0.07111865
0.06961562
0.06667721
0.06130465
0.05709689
0.05471363
0.03067038
0.02209625
0.01978933
0.01368451
0.01280137
0.01126329
